Routes,Links
Pune to Goa,https://www.redbus.in/bus-tickets/pune-to-goa
Bangalore to Goa,https://www.redbus.in/bus-tickets/bangalore-to-goa
Mumbai to Goa,https://www.redbus.in/bus-tickets/mumbai-to-goa
Goa to Pune,https://www.redbus.in/bus-tickets/goa-to-pune
Belagavi to Goa,https://www.redbus.in/bus-tickets/belagavi-to-goa
Goa to Mumbai,https://www.redbus.in/bus-tickets/goa-to-mumbai
Goa to Belagavi,https://www.redbus.in/bus-tickets/goa-to-belagavi
Goa to Bangalore,https://www.redbus.in/bus-tickets/goa-to-bangalore
Pandharpur to Goa,https://www.redbus.in/bus-tickets/pandharpur-to-goa
Goa to Pandharpur,https://www.redbus.in/bus-tickets/goa-to-pandharpur
